Name Male Female Total Score
EMIR 8662 8309 16971 0.9792
MUHTEREM 5027 5568 10595 0.948938
KAMURAN 7255 5739 12994 0.883331
YUKSEL 56679 44158 100837 0.875829
DENIZ 32900 43779 76679 0.858123
OMUR 8198 6159 14357 0.857979
SIRIN 11878 15828 27706 0.857432
FERHAN 4128 5934 10062 0.820513
ERGUL 4737 7036 11773 0.804723
SENEL 6043 9012 15055 0.80279
HIDAYET 17361 10769 28130 0.765659
GUNGOR 10690 6559 17249 0.760508
OLCAY 11721 6038 17759 0.679993
DURDU 8449 16604 25053 0.67449
SAFAK 7392 3751 11143 0.673248
ILKAY 6526 13337 19863 0.657101
SEZER 8624 4000 12624 0.633714
GUNAY 8221 18257 26478 0.620968
HIKMET 53208 20450 73658 0.555269
SERVET 30728 10998 41726 0.527153
ELVAN 4456 13021 17477 0.509927
GUNER 5211 15263 20474 0.509036
KUDRET 6175 19423 25598 0.48246
OZDEN 3366 10744 14110 0.477108
SUNAY 2734 9382 12116 0.451304
IMRAN 2345 8885 11230 0.417631
SAFFET 9321 2274 11595 0.392238
SUREYYA 4378 18472 22850 0.383195
BURCIN 2148 9348 11496 0.373695
SECKIN 8449 1914 10363 0.369391
MUTLU 14208 3218 17426 0.369333
SEYHAN 5500 24390 29890 0.368016
BIRCAN 2863 13508 16371 0.349765
GURSEL 12731 2688 15419 0.348661
DURSUN 74131 15564 89695 0.347043
SEFA 15846 3261 19107 0.341341
AYCAN 1690 8377 10067 0.33575
EVREN 10911 2119 13030 0.325249
SERIF 35247 5892 41139 0.286444
GOKSEL 9678 1603 11281 0.284195
ANIL 9749 1548 11297 0.274055
CIHAN 40260 6288 46548 0.270173
MUKERREM 1992 13266 15258 0.261109
CEYLAN 2284 15571 17855 0.255839
ISMET 79623 11568 91191 0.253709
SERCAN 17594 2504 20098 0.249179
AYTAC 9437 1274 10711 0.237886
YUCEL 31937 4249 36186 0.234842
FERDA 1208 9361 10569 0.228593
YASAR 161295 20662 181957 0.227109
YADIGAR 1625 12756 14381 0.225993
AYHAN 99641 12362 112003 0.220744
UMRAN 2094 17503 19597 0.213706
GULTEKIN 9617 1116 10733 0.207957
SEMSI 1466 12795 14261 0.205596
SENER 12313 1377 13690 0.201169
BEYHAN 2861 26001 28862 0.198254
ESEN 1005 9181 10186 0.19733
GUNES 1436 13603 15039 0.19097
GUZEL 1046 10163 11209 0.186636
BILGE 1360 13437 14797 0.183821
MUZAFFER 75073 7317 82390 0.177619
SEZGIN 20987 2042 23029 0.177342
NUR 3286 35213 38499 0.170706
MUKADDER 1185 12956 14141 0.167598
SELMAN 10964 997 11961 0.166708
UMIT 72587 6411 78998 0.162308
NIMET 4029 46739 50768 0.158722
SATI 3767 44062 47829 0.157519
OZGUR 61928 5121 67049 0.152754
CEVAHIR 804 9967 10771 0.14929
OZCAN 47837 3733 51570 0.144774
KADER 1788 23147 24935 0.143413
HALIM 15087 1157 16244 0.142453
SADET 749 9879 10628 0.140948
IKBAL 745 10092 10837 0.137492
KAYA 10883 799 11682 0.136792
CAGLAR 12009 841 12850 0.130895
FIKRET 49488 3325 52813 0.125916
SUAT 41030 2604 43634 0.119356
ENDER 13917 882 14799 0.119197
MURSEL 12514 776 13290 0.11678
ILHAN 60225 3717 63942 0.116262
ULKU 1490 24430 25920 0.114969
DURAN 30812 1868 32680 0.114321
EREN 16695 1002 17697 0.11324
UFUK 33963 2025 35988 0.112538
NURHAN 1887 31941 33828 0.111564
UMUT 29199 1600 30799 0.103899
